PLAY #,ODK,DN,DIST,HASH,YARD LN,PLAY TYPE,RESULT,GN/LS,OFF FORM,OFF PLAY,OFF STR,PLAY DIR,GAP,PASS ZONE,DEF FRONT,COVERAGE,BLITZ,QTR
1,S,--,--,--,--,--,--,--,--,--,--,--,--,--,--,--,--,1
2,S,--,--,--,--,--,--,--,--,--,--,--,--,--,--,--,--,1
3,K,--,--,M,-40,KO,Return,--,--,--,--,--,--,--,--,--,--,1
4,D,1,10,L,-49,Run,Rush,7,Twins Split,--,R,R,--,--,--,--,--,1
5,D,2,3,L,44,Run,Rush,0,Twins Split,--,R,R,--,--,--,--,--,1
6,D,3,3,R,44,Run,Rush,3,Twins Split,--,L,L,--,--,--,--,--,1
7,D,1,10,R,41,Run,Rush,11,Twins Split,--,R,R,--,--,--,--,--,1
8,D,1,10,R,30,Pass,Complete,26,DOUBLES,--,BAL,L,--,--,--,--,--,1
9,D,1,4,L,4,Run,Rush,-2,PRO,--,R,R,--,--,--,--,--,1
10,D,2,6,M,6,Run,Rush,4,PRO,--,R,L,--,--,--,--,--,1
11,D,3,2,L,2,Run,Rush,-18,PRO,--,R,R,--,--,--,--,--,1
12,O,1,10,R,-20,Run,Rush,40,Trips,--,R,L,--,--,--,--,--,1
13,O,1,10,L,40,Run,Rush,-3,LIZ,--,L,R,--,--,--,--,--,1
14,O,2,13,L,43,Run,Rush,4,LIZ,--,R,R,--,--,--,--,--,1
15,O,3,9,M,39,Run,Rush,8,TE Trips Split,--,L,L,--,--,--,--,--,1
16,O,4,1,L,31,Run,Rush,-5,Ace Twins,--,R,L,--,--,--,--,--,1
17,D,1,10,R,-36,Pass,Complete,23,Twins Split,--,R,R,--,--,--,--,--,1
18,D,1,10,R,41,--,Timeout,0,--,--,--,--,--,--,--,--,--,1
19,D,1,10,R,41,Pass,Penalty,-5,DOUBLES,--,BAL,R,--,--,--,--,--,1
20,D,1,15,R,46,Pass,Complete,7,DOUBLES,--,BAL,R,--,--,--,--,--,1
21,D,2,8,R,39,Pass,Incomplete,0,Trips,--,L,R,--,--,--,--,--,1
22,D,3,8,R,39,Pass,Interception,--,DOUBLES,--,BAL,R,--,--,--,--,--,1
23,O,1,10,L,-35,Run,Rush,1,Ace Twins,--,L,R,--,--,--,--,--,1
24,O,2,9,R,-36,Run,Rush,2,DOUBLES,--,BAL,L,--,--,--,--,--,1
25,O,3,7,L,-38,Pass,Complete,40,Trips,--,R,L,--,--,--,--,--,1
26,O,1,10,L,22,Run,Rush,5,DOUBLES,--,BAL,L,--,--,--,--,--,1
27,O,2,5,L,17,Run,Rush,-3,Ace Twins,--,R,R,--,--,--,--,--,1
28,O,3,8,M,20,Run,Rush,4,TE Trips Split,--,R,R,--,--,--,--,--,2
29,O,4,4,R,16,Pass,Incomplete,0,TE Trips Split,--,L,L,--,--,--,--,--,2
30,D,1,10,L,-17,Run,Rush,1,Trips,--,R,R,--,--,--,--,--,2
31,D,2,9,M,-18,Pass,Incomplete,0,Twins Split,--,R,R,--,--,--,--,--,2
32,D,3,9,M,-18,Pass,Incomplete,0,Trips,--,L,L,--,--,--,--,--,2
33,K,4,9,M,-18,Punt Rec,Out of Bounds,--,--,--,--,--,--,--,--,--,--,2
34,O,1,10,L,-49,Run,Rush,2,Ace Twins,--,L,R,--,--,--,--,--,2
35,O,2,8,M,49,Run,Rush,-1,DOUBLES,--,BAL,L,--,--,--,--,--,2
36,O,3,9,M,50,Run,Rush,4,TE Trips Split,--,R,R,--,--,--,--,--,2
37,K,4,5,R,46,Punt,Return,--,--,--,--,--,--,--,--,--,--,2
38,D,1,10,R,40,--,Timeout,0,--,--,--,--,--,--,--,--,--,2
39,D,1,10,R,40,Run,Rush,2,DOUBLES,--,BAL,R,--,--,--,--,--,2
40,D,2,8,R,38,Run,Rush,-10,DOUBLES,--,BAL,L,--,--,--,--,--,2
41,D,3,18,M,48,Pass,Sack,-4,Trips,--,L,L,--,--,--,--,--,2
42,K,4,22,M,-48,Punt,Return,--,--,--,--,--,--,--,--,--,--,2
43,O,1,10,R,-10,Run,Rush,19,Ace Twins,--,R,R,--,--,--,--,--,2
44,O,1,10,R,-29,--,Penalty,-5,Ace Twins,--,R,--,--,--,--,--,--,2
45,O,1,15,R,-24,--,Penalty,-5,TE Trips Split,--,L,--,--,--,--,--,--,2
46,O,1,20,R,-19,Pass,Complete,5,Trips,--,L,L,--,--,--,--,--,2
47,O,2,15,L,-24,Pass,Incomplete,0,TE Trips Split,--,R,R,--,--,--,--,--,2
48,O,3,15,L,-24,Run,Rush,2,Ace Twins,--,L,R,--,--,--,--,--,2
49,K,4,13,L,-26,Punt,Return,--,--,--,--,--,--,--,--,--,--,2
50,D,1,10,R,-43,Run,Rush,9,DOUBLES,--,BAL,L,--,--,--,--,--,2
51,D,2,1,L,48,Pass,Complete,9,DOUBLES,--,BAL,R,--,--,--,--,--,2
52,D,1,10,R,39,Run,Rush,5,DOUBLES,--,BAL,L,--,--,--,--,--,2
53,D,2,5,L,34,Run,Penalty,-13,DOUBLES,--,BAL,R,--,--,--,--,--,2
54,D,2,18,M,47,Pass,Incomplete,0,DOUBLES,--,BAL,R,--,--,--,--,--,2
55,D,3,18,M,47,Pass,Incomplete,0,DOUBLES,--,BAL,R,--,--,--,--,--,2
56,K,4,18,M,47,Punt Rec,Return,--,--,--,--,--,--,--,--,--,--,2
57,O,1,10,L,-22,Pass,Sack,0,DOUBLES,--,BAL,R,--,--,--,--,--,2
58,K,--,--,M,-40,KO Rec,Return,--,--,--,--,--,--,--,--,--,--,3
59,O,1,10,L,-29,Run,Rush,-4,Twins,--,L,L,--,--,--,--,--,3
60,O,2,14,L,-25,Run,Rush,-6,Twins,--,L,R,--,--,--,--,--,3
61,O,3,20,R,-19,Run,Rush,4,Twins,--,R,L,--,--,--,--,--,3
62,K,4,16,R,-23,Punt,Return,--,--,--,--,--,--,--,--,--,--,3
63,D,1,10,R,30,Run,Rush,0,Twins Split,--,L,L,--,--,--,--,--,3
64,D,2,10,M,30,Run,Rush,-3,Twins Split,--,L,L,--,--,--,--,--,3
65,D,3,13,L,33,Pass,Complete,4,Trips,--,R,R,--,--,--,--,--,3
66,D,4,9,R,29,--,Timeout,0,--,--,--,--,--,--,--,--,--,3
67,D,4,9,R,29,Pass,Fumble,-8,Trips,--,L,R,--,--,--,--,--,3
68,O,1,10,M,-21,Run,Rush,13,Twins,--,L,L,--,--,--,--,--,3
69,O,1,10,L,-34,Run,Rush,-1,Twins,--,R,R,--,--,--,--,--,3
70,O,2,11,R,-33,Run,Rush,-9,Twins,--,R,L,--,--,--,--,--,3
71,K,3,20,R,-24,Punt,Out of Bounds,--,--,--,--,--,--,--,--,--,--,3
72,D,1,10,L,35,--,Penalty,-5,Trips,--,R,--,--,--,--,--,--,3
73,D,1,15,L,40,Run,Rush,25,DOUBLES,--,BAL,L,--,--,--,--,--,3
74,D,1,10,L,15,Run,Rush,2,Twins Split,--,R,L,--,--,--,--,--,3
75,D,2,8,L,13,Run,Rush,3,Twins Split,--,R,L,--,--,--,--,--,3
76,D,3,5,L,10,Pass,"Complete, TD",10,Twins Split,--,R,R,--,--,--,--,--,3
77,K,--,--,M,3,Extra Pt. Block,Good,--,--,--,--,--,--,--,--,--,--,3
78,K,--,--,M,-40,KO Rec,Return,--,--,--,--,--,--,--,--,--,--,3
79,O,1,10,M,-32,Run,Rush,4,Doubles Wing,--,L,R,--,--,--,--,--,3
80,O,2,6,R,-36,Run,Rush,2,Twins,--,L,L,--,--,--,--,--,3
81,O,3,4,M,-38,Pass,Complete,2,Twins Split,--,R,R,--,--,--,--,--,3
82,O,4,2,R,-40,Run,Rush,-5,PRO,--,L,R,--,--,--,--,--,3
83,D,1,10,L,35,Pass,Incomplete,0,DOUBLES,--,BAL,R,--,--,--,--,--,3
84,D,2,10,L,35,Run,"Rush, TD",35,DOUBLES,--,BAL,L,--,--,--,--,--,3
85,K,--,--,M,3,Extra Pt. Block,Good,--,--,--,--,--,--,--,--,--,--,3
86,K,--,--,M,-40,KO Rec,Return,--,--,--,--,--,--,--,--,--,--,4
87,O,1,10,L,-34,Run,Rush,0,--,--,--,L,--,--,--,--,--,4
88,O,2,10,L,-34,Run,Rush,-5,Trips,--,R,R,--,--,--,--,--,4
89,O,3,15,L,-29,Run,Rush,4,TE Trips Split,--,R,R,--,--,--,--,--,4
90,K,4,11,M,-33,Punt,Return,--,--,--,--,--,--,--,--,--,--,4
91,D,1,10,L,-41,Run,Rush,8,DOUBLES,--,BAL,L,--,--,--,--,--,4
92,D,2,2,L,-49,Pass,Complete,-9,Trips,--,R,R,--,--,--,--,--,4
93,D,3,11,R,-40,Run,Rush,11,Twins Split,--,L,L,--,--,--,--,--,4
94,D,1,10,M,49,Pass,Penalty,-17,Twins Split,--,L,L,--,--,--,--,--,4
95,D,1,27,M,-34,Pass,Complete,24,Trips Pinch,--,L,R,--,--,--,--,--,4
96,D,2,3,R,42,Pass,Penalty,-12,Trips,--,L,L,--,--,--,--,--,4
97,D,2,15,M,-46,Pass,Incomplete,0,Twins Split,--,R,R,--,--,--,--,--,4
98,D,3,15,M,-46,Run,Rush,3,DOUBLES,--,BAL,L,--,--,--,--,--,4
99,K,4,12,L,-49,Punt Rec,Return,--,--,--,--,--,--,--,--,--,--,4
100,O,1,10,R,-24,Pass,Incomplete,0,Twins Split,--,R,L,--,--,--,--,--,4
101,O,2,10,R,-24,Run,Rush,-1,Twins,--,R,R,--,--,--,--,--,4
102,O,3,11,R,-23,Pass,Incomplete,0,PRO,--,L,L,--,--,--,--,--,4
103,K,4,11,R,-23,Punt,Out of Bounds,--,--,--,--,--,--,--,--,--,--,4
104,D,1,10,L,40,Run,Rush,3,Twins Split,--,R,R,--,--,--,--,--,4
105,D,2,7,R,37,Run,Rush,14,Twins Split,--,L,R,--,--,--,--,--,4
106,D,1,10,R,23,Run,Rush,7,Twins Split,--,R,L,--,--,--,--,--,4
107,D,2,3,M,16,Run,Rush,3,Twins Split,--,R,L,--,--,--,--,--,4
108,D,1,10,M,13,Run,Rush,0,Double Split,--,BAL,--,--,--,--,--,--,4
