PLAY #,ODK,DN,DIST,HASH,YARD LN,PLAY TYPE,RESULT,GN/LS,OFF FORM,OFF PLAY,OFF STR,PLAY DIR,GAP,PASS ZONE,DEF FRONT,COVERAGE,BLITZ,QTR
1,S,--,--,--,--,--,--,--,--,--,--,--,--,--,--,--,--,1
2,S,--,--,--,--,--,--,--,--,--,--,--,--,--,--,--,--,1
3,K,--,--,M,-40,KO Rec,Return,--,--,--,--,--,--,--,--,--,--,1
4,O,1,10,M,-20,Run,Rush,1,Twins,2 Badger BLACK,L,R,--,--,--,--,--,1
5,O,2,9,M,-21,Run,Rush,8,Twins,LAZOR 2 TIGER LOG,R,R,--,--,--,--,--,1
6,O,3,1,R,-29,Run,Rush,-3,Twins,2 WOLVERINE ICE,L,L,--,--,--,--,--,1
7,O,4,4,R,-26,Run,"Rush, Safety",-6,--,--,--,R,--,--,--,--,--,1
8,K,1,10,M,-20,KO,TD,80,--,--,--,--,--,--,--,--,--,1
9,K,--,--,M,3,2 Pt. Defend,No Good,--,--,--,--,R,--,--,--,--,--,1
10,K,--,--,M,-40,KO Rec,Return,--,--,--,--,--,--,--,--,--,--,1
11,O,1,10,M,-27,Run,Rush,0,PRO,FLAME 2 DUCK CRACK,R,R,--,--,--,--,--,1
12,O,2,10,R,-27,Pass,Interception,0,Twins,RAZOR RIGHT,R,R,--,--,--,--,--,1
13,D,1,10,M,25,Run,Rush,19,Double Tight,--,BAL,R,--,--,--,--,--,1
14,D,1,6,R,6,Run,"Rush, TD",6,Double Tight,--,BAL,L,--,--,--,--,--,1
15,K,--,--,M,3,2 Pt. Defend,Good,--,--,--,--,L,--,--,--,--,--,1
16,K,--,--,M,-40,KO Rec,Return,--,--,--,--,--,--,--,--,--,--,1
17,D,1,10,M,-28,Run,Rush,2,Trips Tight,--,L,R,--,--,--,--,--,1
18,D,2,8,R,-30,Pass,Complete,1,TE Trips Split,--,L,L,--,--,--,--,--,1
19,D,3,7,L,-31,Pass,Incomplete,0,Ace Twins,--,R,R,--,--,--,--,--,1
20,K,4,7,L,-31,Punt,Return,--,--,--,--,--,--,--,--,--,--,1
21,D,1,10,R,26,Run,Rush,0,Double Tight,--,BAL,R,--,--,--,--,--,1
22,D,2,10,R,26,Run,Rush,9,Double Tight,--,BAL,R,--,--,--,--,--,1
23,D,3,1,R,17,Run,Penalty,-10,Double Tight,--,BAL,L,--,--,--,--,--,1
24,D,3,11,M,27,Run,Penalty,-5,Double Tight,--,BAL,L,--,--,--,--,--,1
25,D,3,16,M,32,Run,Rush,11,Double Tight,--,BAL,L,--,--,--,--,--,1
26,D,4,5,L,21,Run,Rush,7,Double Tight,--,BAL,R,--,--,--,--,--,1
27,D,1,10,M,14,Run,Rush,4,Double Tight,--,BAL,L,--,--,--,--,--,1
28,D,2,6,M,10,Run,"Rush, TD",10,Double Tight,--,BAL,R,--,--,--,--,--,1
29,K,--,--,M,3,2 Pt. Defend,Good,--,--,--,--,R,--,--,--,--,--,1
30,K,--,--,M,-40,KO Rec,Return,--,--,--,--,--,--,--,--,--,--,1
31,O,1,10,R,-27,Run,Rush,6,Twins,LAZOR 2 TIGER LOG,R,R,--,--,--,--,--,1
32,O,2,4,R,-33,Pass,Scramble,-3,Ace Twins,SPUDS,L,R,--,--,--,--,--,1
33,O,3,7,R,-30,Pass,Sack,-5,TE Trips Split,SCAT Y OUT,L,L,--,--,--,--,--,1
34,K,4,12,M,-25,Punt,Downed,--,--,--,--,--,--,--,--,--,--,1
35,D,1,10,R,-41,Run,Penalty,-5,Double Tight,--,BAL,--,--,--,--,--,--,1
36,D,2,15,R,-36,Run,Rush,2,Double Tight,--,BAL,R,--,--,--,--,--,1
37,D,3,13,R,-38,Run,Rush,7,Double Tight,--,BAL,L,--,--,--,--,--,1
38,D,4,6,M,-45,Run,Rush,12,Double Tight,--,BAL,R,--,--,--,--,--,2
39,D,1,10,R,43,Run,Rush,5,Double Tight,--,BAL,R,--,--,--,--,--,2
40,D,2,5,R,38,Run,Rush,5,Double Tight,--,BAL,L,--,--,--,--,--,2
41,D,1,10,M,33,Pass,Complete,9,Double Tight,--,BAL,R,--,--,--,--,--,2
42,D,2,1,R,24,Run,"Rush, TD",24,Double Tight,--,BAL,L,--,--,--,--,--,2
43,K,--,--,M,3,2 Pt. Defend,Good,--,--,--,--,R,--,--,--,--,--,2
44,K,--,--,M,-40,KO Rec,Return,--,--,--,--,--,--,--,--,--,--,2
45,O,1,10,R,-30,Run,Rush,1,Trips Tight,LAZOR 2 MICHIGAN,R,L,--,--,--,--,--,2
46,O,2,9,M,-31,Run,Rush,2,Ace Twins,2 WISCONSIN,L,L,--,--,--,--,--,2
47,O,3,7,M,-33,Pass,Incomplete,0,Trips Tight,HOOK,R,R,--,--,--,--,--,2
48,K,4,7,M,-33,Punt,Return,--,--,--,--,--,--,--,--,--,--,2
49,D,1,10,R,-31,Run,Rush,9,Double Tight,--,BAL,R,--,--,--,--,--,2
50,D,2,1,R,-40,Run,Rush,7,Double Tight,--,BAL,L,--,--,--,--,--,2
51,D,1,10,M,-47,Run,Rush,2,Double Tight,--,BAL,L,--,--,--,--,--,2
52,D,2,8,M,-49,Pass,Incomplete,0,Double Tight,--,BAL,L,--,--,--,--,--,2
53,D,3,8,M,-49,Run,"Rush, TD",51,Double Tight,--,BAL,R,--,--,--,--,--,2
54,K,--,--,M,3,2 Pt. Defend,No Good,--,--,--,--,L,--,--,--,--,--,2
55,K,--,--,M,-40,KO Rec,Return,--,--,--,--,--,--,--,--,--,--,2
56,O,1,10,L,-37,Pass,Interception,0,Ace Twins,CHOICE Y SEAM,L,R,--,--,--,--,--,2
57,D,1,10,M,50,Run,Rush,6,Double Tight,--,BAL,L,--,--,--,--,--,2
58,D,2,4,M,44,Pass,Penalty,15,Double Tight,--,BAL,L,--,--,--,--,--,2
59,D,1,10,M,29,Run,Rush,0,Double Tight,--,BAL,R,--,--,--,--,--,2
60,D,2,10,R,29,Run,Rush,6,Double Tight,--,BAL,L,--,--,--,--,--,2
61,D,3,4,M,23,Run,Rush,7,Double Tight,--,BAL,R,--,--,--,--,--,2
62,D,1,10,R,16,Run,"Rush, TD",16,Double Tight,--,BAL,R,--,--,--,--,--,2
63,K,--,--,M,3,2 Pt. Defend,Good,--,--,--,--,L,--,--,--,--,--,2
64,K,--,--,M,-40,KO Rec,Return,--,--,--,--,--,--,--,--,--,--,2
65,O,1,10,R,-47,Run,Rush,13,PRO,2 Tiger RED,L,R,--,--,--,--,--,2
66,O,1,10,R,40,Run,Rush,1,PRO,2 Tiger RED,R,R,--,--,--,--,--,2
67,O,2,9,R,39,Run,Rush,-3,Twins,LAZOR 4 DUCK LOG,R,L,--,--,--,--,--,2
68,O,3,12,L,42,Pass,Incomplete,0,Twins,LIGHTNING 2 WHEEL,R,R,--,--,--,--,--,2
69,K,4,12,L,42,Punt,Downed,--,--,--,--,--,--,--,--,--,--,2
70,D,1,10,R,-1,Run,Rush,5,Double Tight,--,BAL,R,--,--,--,--,--,2
71,D,2,5,R,-6,Run,"Rush, TD",94,Double Tight,--,BAL,L,--,--,--,--,--,2
72,K,--,--,M,3,2 Pt. Defend,Good,--,--,--,--,R,--,--,--,--,--,2
73,K,--,--,M,-40,KO Rec,Return,--,--,--,--,--,--,--,--,--,--,2
74,O,1,10,M,-28,Run,Rush,--,PRO,--,L,--,--,--,--,--,--,2
75,K,--,--,M,-40,KO,Return,--,--,--,--,--,--,--,--,--,--,3
76,D,1,10,R,-47,Run,Rush,3,Double Tight,--,BAL,L,--,--,--,--,--,3
77,D,2,7,R,50,Run,Rush,1,Double Tight,--,BAL,L,--,--,--,--,--,3
78,D,3,6,M,49,Run,Rush,2,Double Tight,--,BAL,L,--,--,--,--,--,3
79,D,4,4,M,47,Run,Rush,12,Double Tight,--,BAL,R,--,--,--,--,--,3
80,D,1,10,M,35,Run,Rush,14,Double Tight,--,BAL,L,--,--,--,--,--,3
81,D,1,10,L,21,Run,Rush,7,Double Tight,--,BAL,L,--,--,--,--,--,3
82,D,2,3,L,14,Run,"Rush, TD",14,Double Tight,--,BAL,R,--,--,--,--,--,3
83,K,--,--,M,3,2 Pt. Defend,No Good,--,--,--,--,R,--,--,--,--,--,3
84,K,--,--,M,-40,KO Rec,Return,--,--,--,--,--,--,--,--,--,--,3
85,O,1,10,M,-35,Run,Rush,7,Ace Twins,2 Badger,L,L,--,--,--,--,--,3
86,O,2,3,L,-42,Run,Rush,-1,Ace Twins,2 MINNESOTA,R,L,--,--,--,--,--,3
87,O,3,4,L,-41,Run,Rush,8,Ace Twins,ROCKET 2 AUBURN,L,L,--,--,--,--,--,3
88,O,1,10,L,-49,Run,Rush,4,PRO,2 Badger BLACK,L,R,--,--,--,--,--,3
89,O,2,6,M,47,Run,Rush,5,Twins,2 Wisconsin BLACK,R,L,--,--,--,--,--,3
90,O,3,1,M,42,Run,Rush,5,PRO,2 WOLVERINE ICE,R,R,--,--,--,--,--,3
91,O,1,10,L,37,Run,Rush,2,Twins,LAZOR 2 TIGER LOG,R,R,--,--,--,--,--,3
92,O,2,8,R,35,Pass,Complete,13,Twins,2 RAZOR LEFT,R,L,--,--,--,--,--,3
93,O,1,10,M,22,Run,Rush,11,Twins,LAZOR 4 DUCK LOG,R,L,--,--,--,--,--,3
94,O,1,10,L,11,Run,Rush,-3,Twins,2 Wisconsin BLACK,R,R,--,--,--,--,--,4
95,O,2,13,L,14,Run,Rush,5,Twins,2 Wisconsin BLACK,R,L,--,--,--,--,--,4
96,O,3,8,L,9,Run,Rush,1,PRO,LAZOR 2 AUBURN GREEN,L,L,--,--,--,--,--,4
97,O,4,7,L,8,Pass,Incomplete,0,Trips Tight,Lightning 3 CORNER,R,R,--,--,--,--,--,4
98,D,1,10,M,-8,Run,Rush,7,Double Tight,--,BAL,R,--,--,--,--,--,4
99,D,2,3,R,-15,Run,"Rush, TD",85,Double Tight,--,BAL,R,--,--,--,--,--,4
100,K,--,--,M,3,2 Pt. Defend,No Good,--,--,--,--,L,--,--,--,--,--,4
101,K,--,--,M,-40,KO,Return,--,--,--,--,--,--,--,--,--,--,4
102,O,1,10,R,30,Run,Rush,5,Ace Twins,2 WISCONSIN,R,L,--,--,--,--,--,4
103,O,2,5,R,25,Run,Rush,8,Ace Twins,Fire 2 Auburn,L,L,--,--,--,--,--,4
104,O,1,10,L,17,Run,"Rush, TD",17,Ace Twins,2 Badger,L,R,--,--,--,--,--,4
105,K,--,--,M,3,2 Pt.,No Good,--,--,--,--,L,--,--,--,--,--,4
106,K,--,--,M,-40,KO,Return,--,--,--,--,--,--,--,--,--,--,4
107,D,1,10,M,-37,Run,Rush,5,Double Tight,--,BAL,R,--,--,--,--,--,4
108,D,2,5,M,-42,Run,Rush,4,Double Tight,--,BAL,R,--,--,--,--,--,4
109,D,3,1,M,-46,Run,Rush,11,Double Tight,--,BAL,L,--,--,--,--,--,4
110,D,1,10,M,43,Run,Rush,15,Double Tight,--,BAL,R,--,--,--,--,--,4
111,D,1,10,M,28,Run,Rush,12,Double Tight,--,BAL,R,--,--,--,--,--,4
112,D,1,10,M,16,Run,Rush,0,Double Tight,--,BAL,R,--,--,--,--,--,4
113,D,2,10,R,16,Run,Rush,0,Double Tight,--,BAL,R,--,--,--,--,--,4
