PLAY #,ODK,DN,DIST,HASH,YARD LN,PLAY TYPE,RESULT,GN/LS,OFF FORM,OFF PLAY,OFF STR,PLAY DIR,GAP,PASS ZONE,DEF FRONT,COVERAGE,BLITZ,QTR
1,K,--,--,M,-40,KO,Return,--,--,--,--,--,--,--,--,--,--,1
2,D,1,10,R,-30,Run,Rush,-2,Double Wing,--,BAL,L,--,--,--,--,--,1
3,D,2,12,L,-28,Run,Rush,14,Double Wing,--,BAL,R,--,--,--,--,--,1
4,D,1,10,R,-42,Run,Rush,25,Double Wing,--,BAL,R,--,--,--,--,--,1
5,D,1,10,R,33,Run,Rush,5,Double Wing,--,BAL,L,--,--,--,--,--,1
6,D,2,5,R,28,Run,Rush,1,Double Wing,--,BAL,L,--,--,--,--,--,1
7,D,3,4,M,27,Run,Rush,6,Double Wing,--,BAL,R,--,--,--,--,--,1
8,D,1,10,R,21,Run,Rush,8,Double Wing,--,BAL,R,--,--,--,--,--,1
9,D,2,2,R,13,Pass,"Complete, TD",13,Double Wing,--,BAL,L,--,--,--,--,--,1
10,S,--,--,--,--,--,--,--,--,--,--,--,--,--,--,--,--,1
11,K,--,--,M,-40,KO Rec,Return,--,--,--,--,--,--,--,--,--,--,1
12,O,1,10,M,-40,Run,Rush,4,Double Wing,Fire 3 Duck,BAL,R,--,--,--,--,--,1
13,O,2,6,R,-44,Run,Rush,2,PRO,2 WISCONSIN POWER,R,L,--,--,--,--,--,1
14,O,3,4,M,-46,Pass,Incomplete,0,Trips Tight,STICK 4 PUMP,L,L,--,--,--,--,--,1
15,K,4,4,M,-46,Punt,Downed,--,Double Tight Wing,--,R,--,--,--,--,--,--,1
16,D,1,10,R,-22,Run,Rush,1,Double Wing,--,BAL,L,--,--,--,--,--,1
17,D,2,9,R,-23,Pass,Complete,15,Trips,--,L,L,--,--,--,--,--,1
18,D,1,10,L,-38,Pass,Penalty,-10,Double Wing,--,BAL,R,--,--,--,--,--,1
19,D,1,20,M,-28,Run,Rush,-6,Trips,--,L,R,--,--,--,--,--,1
20,D,2,26,M,-22,Pass,Incomplete,0,Trips,--,R,L,--,--,--,--,--,1
21,D,3,26,M,-22,Pass,Complete,8,Trips,--,L,L,--,--,--,--,--,1
22,K,4,18,L,-30,Punt Rec,Timeout,0,ACE,--,BAL,--,--,--,--,--,--,1
23,K,4,18,L,-30,Punt Rec,Return,--,--,--,--,--,--,--,--,--,--,1
24,O,1,10,R,-33,Run,Rush,3,Ace Twins,3 IOWA,R,L,--,--,--,--,--,1
25,O,2,7,M,-36,Run,Rush,1,Twins,2 WOLVERINE BLACK,R,R,--,--,--,--,--,1
26,O,3,6,R,-37,Run,Rush,1,LIZ,LAZOR 4 OREGON,R,L,--,--,--,--,--,1
27,K,4,5,M,-38,Punt,Downed,--,--,--,--,--,--,--,--,--,--,1
28,D,1,10,R,-35,Run,Rush,11,Double Wing,--,BAL,R,--,--,--,--,--,1
29,D,1,10,R,-46,Pass,Incomplete,0,Double Wing,--,BAL,L,--,--,--,--,--,1
30,D,2,10,R,-46,Run,Rush,2,Double Wing,--,BAL,L,--,--,--,--,--,1
31,D,3,8,M,-48,Pass,Complete,31,Double Wing,--,BAL,R,--,--,--,--,--,1
32,D,1,10,R,21,Run,Rush,10,Double Wing,--,BAL,R,--,--,--,--,--,1
33,D,1,10,R,11,Pass,Incomplete,0,Double Wing,--,BAL,L,--,--,--,--,--,2
34,D,2,10,R,11,Run,Rush,6,Double Wing,--,BAL,R,--,--,--,--,--,2
35,D,3,4,R,5,--,Timeout,0,--,--,--,--,--,--,--,--,--,2
36,D,3,4,R,5,--,Penalty,-6,Ace Wing,--,R,--,--,--,--,--,--,2
37,D,4,10,R,11,Pass,Incomplete,0,Double Wing,--,BAL,L,--,--,--,--,--,2
38,O,1,10,L,-11,Run,Rush,8,Ace Twins,LAZOR 2 TIGER,R,R,--,--,--,--,--,2
39,O,2,2,L,-19,Run,Penalty,-10,Ace Twins,2 GEORGIA BOOT,R,R,--,--,--,--,--,2
40,O,2,12,L,-9,Pass,Complete,9,Ace Twins,2 RAZOR LEFT,R,L,--,--,--,--,--,2
41,O,3,3,L,-18,Run,Rush,2,PRO,2 MICHIGAN ICE,L,L,--,--,--,--,--,2
42,K,4,1,L,-20,Punt,Fair Catch,--,--,--,--,--,--,--,--,--,--,2
43,D,1,10,R,45,Run,Rush,4,Trips,--,L,L,--,--,--,--,--,2
44,D,2,6,M,41,Run,Rush,0,Trips,--,R,R,--,--,--,--,--,2
45,D,3,6,R,41,Run,Rush,23,Trips,--,R,R,--,--,--,--,--,2
46,D,1,10,R,18,Run,Rush,4,Trips,--,L,R,--,--,--,--,--,2
47,D,2,6,R,14,Run,Rush,11,Trips,--,L,L,--,--,--,--,--,2
48,D,1,3,L,3,Pass,Incomplete,0,Doubles Wing,--,L,R,--,--,--,--,--,2
49,D,2,3,L,3,Run,Rush,-3,Double Wing,--,BAL,R,--,--,--,--,--,2
50,D,3,6,M,6,Run,"Rush, TD",6,Double Wing,--,BAL,R,--,--,--,--,--,2
51,K,--,--,M,3,Extra Pt. Block,No Good,--,--,--,--,--,--,--,--,--,--,2
52,K,--,--,M,-40,KO Rec,Return,--,--,--,--,--,--,--,--,--,--,2
53,O,1,10,R,-38,Pass,Penalty,15,ACE,4 ROCKET CHOICE,BAL,L,--,--,--,--,--,2
54,O,1,10,R,47,Run,Fumble,2,PRO,3 GOPHER,L,L,--,--,--,--,--,2
55,D,1,10,L,-45,Pass,Incomplete,0,EMPTY,--,R,L,--,--,--,--,--,2
56,D,2,10,L,-45,Run,Rush,5,EMPTY,--,L,R,--,--,--,--,--,2
57,D,3,5,R,50,Run,Rush,0,EMPTY,--,R,L,--,--,--,--,--,2
58,D,4,5,M,50,Pass,Incomplete,0,Double Wing,--,BAL,R,--,--,--,--,--,2
59,O,1,10,M,50,Pass,Interception,--,Ace Twins,MESH CHOICE,L,L,--,--,--,--,--,2
60,D,1,10,L,22,Pass,Complete,0,Double Wing,--,BAL,L,--,--,--,--,--,2
61,D,2,10,L,22,Pass,Incomplete,0,Double Wing,--,BAL,R,--,--,--,--,--,2
62,D,3,10,L,22,Run,Rush,15,DOUBLES,--,BAL,R,--,--,--,--,--,2
63,D,1,7,R,7,--,Timeout,0,--,--,--,--,--,--,--,--,--,2
64,D,2,7,R,7,Run,"Rush, TD",7,Double Wing,--,BAL,L,--,--,--,--,--,2
65,K,--,--,M,3,Extra Pt. Block,Good,--,--,--,--,--,--,--,--,--,--,2
66,K,--,--,M,-40,KO Rec,Return,--,--,--,--,--,--,--,--,--,--,2
67,O,1,10,L,-16,Pass,Complete,4,TE Trips Split,4 TUNNEL RIGHT,R,R,--,--,--,--,--,2
68,O,2,6,L,-20,Pass,"Interception, Def TD",--,DOUBLES,CHOICE SPUDS,BAL,R,--,--,--,--,--,2
69,K,0,--,M,3,Extra Pt. Block,Good,--,--,--,--,--,--,--,--,--,--,2
70,K,--,--,M,-40,KO Rec,Return,--,--,--,--,--,--,--,--,--,--,2
71,O,1,10,L,-25,Run,Rush,-5,Ace Twins,SCAT,R,R,--,--,--,--,--,2
72,K,2,15,M,-25,KO Rec,Return,--,--,--,--,--,--,--,--,--,--,3
73,O,1,10,M,-45,Run,Rush,0,PRO,3 HAWKEYE,R,R,--,--,--,--,--,3
74,O,2,10,M,-45,Run,Rush,-1,PRO,2 WISCONSIN POWER,L,L,--,--,--,--,--,3
75,O,3,11,M,-44,Run,Rush,-6,PRO,2 WISONSIN BOOT,L,R,--,--,--,--,--,3
76,K,4,17,M,-38,Punt,Out of Bounds,--,--,--,--,--,--,--,--,--,--,3
77,D,1,10,R,-49,Pass,Penalty,-10,Trips,--,L,L,--,--,--,--,--,3
78,D,1,20,L,-39,Pass,Complete,7,Trips,--,R,R,--,--,--,--,--,3
79,D,2,13,R,-46,Pass,Complete,4,Trips,--,R,L,--,--,--,--,--,3
80,D,3,9,L,50,Run,Rush,5,Trips,--,R,R,--,--,--,--,--,3
81,K,4,4,R,45,Punt Rec,Downed,--,--,--,--,--,--,--,--,--,--,3
82,O,1,10,M,-11,Run,Rush,0,PRO,2 AUBURN GREEN,R,R,--,--,--,--,--,3
83,O,2,10,M,-11,Run,Rush,0,Twins,2 DUCK,R,R,--,--,--,--,--,3
84,O,3,10,M,-11,Pass,Complete,3,Trips Tight,SCAT,L,L,--,--,--,--,--,3
85,K,4,7,L,-14,Punt,Return,--,--,--,--,--,--,--,--,--,--,3
86,D,1,10,L,14,Run,Rush,4,Double Wing,--,BAL,R,--,--,--,--,--,3
87,D,2,6,M,10,Run,Rush,-3,Double Wing,--,BAL,L,--,--,--,--,--,3
88,D,3,9,L,13,Run,Rush,8,Double Wing,--,BAL,R,--,--,--,--,--,3
89,K,--,--,M,3,Extra Pt. Block,Good,--,--,--,--,--,--,--,--,--,--,3
90,K,--,--,M,-40,KO Rec,Return,--,--,--,--,--,--,--,--,--,--,3
91,O,1,10,R,-28,Run,Rush,2,Ace Twins,LAZOR 4 OREGON,L,L,--,--,--,--,--,3
92,O,2,8,L,-30,Pass,Complete,3,Ace Twins,2 RAZOR LEFT,R,L,--,--,--,--,--,3
93,O,3,5,L,-33,Pass,Penalty,-5,Trips Tight,FlOOD,R,R,--,--,--,--,--,4
94,K,4,10,L,-28,Punt,Downed,--,--,--,--,--,--,--,--,--,--,4
95,D,1,10,R,-47,Run,Rush,7,Double Wing,--,BAL,R,--,--,--,--,--,4
96,D,2,3,R,46,Pass,Penalty,-10,Double Wing,--,BAL,L,--,--,--,--,--,4
97,D,3,13,R,-44,Pass,Complete,2,--,--,R,R,--,--,--,--,--,4
98,K,4,11,R,-46,Punt Rec,Out of Bounds,--,--,--,--,--,--,--,--,--,--,4
99,O,1,10,L,-33,Run,Rush,-9,Doubles Wing,2 Badger,L,L,--,--,--,--,--,4
100,O,2,19,L,-24,Run,Rush,-7,Ace Twins,ROCKET 4 DUCK,R,R,--,--,--,--,--,4
101,O,3,26,M,-17,Run,Rush,1,Ace Twins,2 GOPHER,L,L,--,--,--,--,--,4
102,K,4,25,M,-18,Punt,Return,--,--,--,--,--,--,--,--,--,--,4
103,D,1,10,R,44,Run,Rush,4,Double Wing,--,BAL,L,--,--,--,--,--,4
104,D,2,6,M,40,Pass,Complete,5,Double Wing,--,BAL,L,--,--,--,--,--,4
105,D,3,1,L,35,Run,Rush,-1,Double Wing,--,BAL,R,--,--,--,--,--,4
106,D,4,2,L,36,Run,Rush,2,Double Wing,--,BAL,R,--,--,--,--,--,4
107,D,1,10,M,34,Pass,Complete,-2,Double Wing,--,BAL,R,--,--,--,--,--,4
108,D,2,12,R,36,Run,Penalty,-10,Double Split,--,BAL,L,--,--,--,--,--,4
109,D,2,22,R,46,Pass,Incomplete,0,Double Wing,--,BAL,L,--,--,--,--,--,4
110,D,3,22,R,46,Pass,Complete,6,Ace Wing,--,L,L,--,--,--,--,--,4
111,D,4,16,L,40,Pass,Incomplete,0,Double Wing,--,BAL,R,--,--,--,--,--,4
112,O,1,10,R,-40,Run,Rush,7,Ace Twins,2 WISCONSIN,R,L,--,--,--,--,--,4
113,O,2,3,L,-47,Run,Rush,8,Ace Twins,2 Badger,L,R,--,--,--,--,--,4
114,O,1,10,M,45,Pass,Incomplete,0,Ace Twins,CHOICE,R,L,--,--,--,--,--,4
