PLAY #,ODK,DN,DIST,HASH,YARD LN,PLAY TYPE,RESULT,GN/LS,OFF FORM,OFF PLAY,OFF STR,PLAY DIR,GAP,PASS ZONE,DEF FRONT,COVERAGE,BLITZ,QTR
1,K,--,--,M,-40,KO Rec,Return,--,--,--,--,--,--,--,--,--,--,1
2,O,1,10,R,-34,Run,Rush,10,Twins,--,R,L,--,--,--,--,--,1
3,O,1,10,R,-44,Run,Rush,-2,Twins,--,L,L,--,--,--,--,--,1
4,O,2,12,M,-42,Run,Rush,0,Trips Pinch,--,L,L,--,--,--,--,--,1
5,O,3,12,L,-42,Pass,Interception,0,TE Trips Split,--,R,R,--,--,--,--,--,1
6,D,1,10,R,37,Run,Rush,16,Twins Tight Wing,--,L,R,--,--,--,--,--,1
7,D,1,10,R,21,Run,Rush,5,Nasty Wing,--,R,R,--,--,--,--,--,1
8,D,2,5,R,16,Run,"Rush, TD",16,Nasty Twins,--,R,R,--,--,--,--,--,1
9,K,--,--,M,3,Extra Pt. Block,No Good,--,--,--,--,--,--,--,--,--,--,1
10,K,--,--,M,45,KO Rec,Return,--,--,--,--,--,--,--,--,--,--,1
11,O,1,10,R,-29,Pass,Complete,13,DOUBLES,--,BAL,L,--,--,--,--,--,1
12,O,1,10,L,-42,Run,Rush,2,DOUBLES PINCH,--,BAL,R,--,--,--,--,--,1
13,O,2,8,R,-44,Run,Rush,3,Twins,--,L,R,--,--,--,--,--,1
14,O,3,5,R,-47,Pass,Sack,-10,TE Trips Split,--,L,L,--,--,--,--,--,1
15,K,4,15,M,-37,Punt,Downed,--,--,--,--,--,--,--,--,--,--,1
16,D,1,10,L,41,Run,Rush,1,Wing Split,--,R,L,--,--,--,--,--,1
17,D,2,9,L,40,Run,Rush,-4,DOUBLES,--,BAL,R,--,--,--,--,--,1
18,D,3,13,L,44,Pass,Incomplete,0,Trips Tight,--,R,R,--,--,--,--,--,1
19,D,4,13,L,44,--,Timeout,0,--,--,--,--,--,--,--,--,--,1
20,D,4,13,L,44,Pass,Interception,0,Trips Pinch,--,R,R,--,--,--,--,--,1
21,O,1,10,L,-25,Pass,Sack,-4,Twins Tight Wing,--,R,R,--,--,--,--,--,1
22,O,2,14,R,-21,Pass,Complete,6,DOUBLES,--,BAL,R,--,--,--,--,--,1
23,O,3,8,R,-27,Run,Fumble,0,Trips,--,L,R,--,--,--,--,--,1
24,D,1,10,L,31,Run,Rush,0,Twins Tight Wing,--,R,R,--,--,--,--,--,1
25,D,2,10,M,31,Pass,Sack,-9,Nasty Wing,--,R,L,--,--,--,--,--,1
26,D,3,19,L,40,Pass,Sack,-8,DOUBLES,--,BAL,R,--,--,--,--,--,1
27,K,4,27,L,48,Punt Rec,Fumble,--,--,--,--,--,--,--,--,--,--,1
28,D,1,10,L,6,Run,"Rush, TD",6,Twins Tight Wing,--,R,L,--,--,--,--,--,1
29,K,--,--,M,3,Extra Pt. Block,Good,--,--,--,--,--,--,--,--,--,--,1
30,K,--,--,M,-40,KO Rec,Return,--,--,--,--,--,--,--,--,--,--,1
31,O,1,10,L,-36,Run,Rush,4,TE Trips Split,--,R,L,--,--,--,--,--,1
32,O,2,6,L,-40,Run,Rush,2,Twins,--,R,R,--,--,--,--,--,1
33,O,3,4,L,-42,Run,Rush,0,Twins,--,R,R,--,--,--,--,--,2
34,K,4,4,M,-42,Punt,Out of Bounds,--,--,--,--,--,--,--,--,--,--,2
35,D,1,10,R,-13,Run,Rush,2,PRO,--,R,L,--,--,--,--,--,2
36,D,2,8,M,-15,Run,Rush,1,DOUBLES,--,BAL,L,--,--,--,--,--,2
37,D,3,7,M,-16,Pass,Sack,-5,Ace Twins,--,R,L,--,--,--,--,--,2
38,K,4,12,L,-11,Punt Rec,Out of Bounds,--,--,--,--,--,--,--,--,--,--,2
39,O,1,10,L,26,Run,Rush,5,Twins,--,R,L,--,--,--,--,--,2
40,O,2,5,L,21,Run,Rush,2,Trips,--,R,L,--,--,--,--,--,2
41,O,3,3,L,19,Run,Rush,0,Twins Split,--,R,L,--,--,--,--,--,2
42,K,4,3,L,19,FG,Block,--,--,--,--,--,--,--,--,--,--,2
43,D,1,10,R,-38,Run,Rush,6,DOUBLES,--,BAL,R,--,--,--,--,--,2
44,D,2,4,R,-44,Run,Rush,0,Nasty Wing,--,R,L,--,--,--,--,--,2
45,D,3,4,R,-44,Run,Rush,6,Nasty Wing,--,R,L,--,--,--,--,--,2
46,D,1,10,M,50,Pass,"Complete, TD",50,DOUBLES,--,BAL,L,--,--,--,--,--,2
47,K,--,--,M,3,Extra Pt. Block,No Good,--,--,--,--,--,--,--,--,--,--,2
48,K,--,--,M,-40,KO Rec,Return,--,--,--,--,--,--,--,--,--,--,2
49,O,1,10,L,-47,Pass,Complete,8,DOUBLES,--,BAL,L,--,--,--,--,--,2
50,O,2,2,L,45,Pass,Complete,5,DOUBLES,--,BAL,L,--,--,--,--,--,2
51,O,1,10,L,40,Run,Rush,1,Twins,--,R,R,--,--,--,--,--,2
52,O,2,9,L,39,Run,Rush,2,DOUBLES,--,BAL,L,--,--,--,--,--,2
53,O,3,7,L,37,Pass,Interception,0,TE Trips Split,--,R,R,--,--,--,--,--,2
54,D,1,10,L,30,Run,Rush,-1,Twins Tight Wing,--,R,L,--,--,--,--,--,2
55,D,2,11,L,31,Pass,Complete,8,Twins,--,R,R,--,--,--,--,--,2
56,D,3,3,R,23,Pass,Incomplete,0,DOUBLES,--,BAL,R,--,--,--,--,--,2
57,D,4,3,R,23,Pass,Incomplete,0,Twins,--,L,L,--,--,--,--,--,2
58,O,1,10,L,-23,Pass,Incomplete,0,TE Trips Split,--,R,R,--,--,--,--,--,2
59,O,2,10,L,-23,Pass,Incomplete,0,DOUBLES,--,BAL,L,--,--,--,--,--,2
60,O,3,10,L,-23,Run,Rush,7,DOUBLES,--,BAL,R,--,--,--,--,--,2
61,K,4,3,R,-30,Punt,Downed,--,--,--,--,--,--,--,--,--,--,2
62,D,1,10,M,-27,Run,Rush,26,DOUBLES,--,BAL,R,--,--,--,--,--,2
63,D,1,10,R,47,Pass,Incomplete,0,Trips Tight,--,L,R,--,--,--,--,--,2
64,D,2,10,R,47,Pass,Sack,-6,DOUBLES,--,BAL,R,--,--,--,--,--,2
65,K,3,16,M,-40,KO,Return,--,--,--,--,--,--,--,--,--,--,3
66,D,1,10,L,-31,Run,Rush,6,Wing Split,--,R,L,--,--,--,--,--,3
67,D,2,4,L,-37,Run,"Rush, TD",63,Twins,--,R,R,--,--,--,--,--,3
68,K,--,--,M,3,Extra Pt. Block,Good,--,--,--,--,--,--,--,--,--,--,3
69,K,--,--,M,-40,KO Rec,Return,--,--,--,--,--,--,--,--,--,--,3
70,O,1,10,R,-36,Run,Rush,9,TE Trips Split,--,R,L,--,--,--,--,--,3
71,O,2,1,L,-45,Run,Rush,1,Twins,--,R,R,--,--,--,--,--,3
72,O,1,10,M,-46,Run,Rush,5,Trips Pinch,--,R,R,--,--,--,--,--,3
73,O,2,5,R,49,Run,Rush,15,Twins,--,R,R,--,--,--,--,--,3
74,O,1,10,R,34,Run,Rush,-1,Twins,--,R,L,--,--,--,--,--,3
75,O,2,11,M,35,Run,Rush,8,Twins Tight Wing,--,R,R,--,--,--,--,--,3
76,O,3,3,R,27,Run,Rush,14,Twins,--,R,R,--,--,--,--,--,3
77,O,1,10,R,13,Run,Rush,2,DOUBLES,--,BAL,L,--,--,--,--,--,3
78,O,2,8,M,11,Run,Fumble,0,Twins Tight Wing,--,R,R,--,--,--,--,--,3
79,D,1,10,L,-5,Run,Rush,2,Nasty Wing,--,R,L,--,--,--,--,--,3
80,D,2,8,L,-7,Run,Rush,15,Nasty Wing,--,R,R,--,--,--,--,--,3
81,D,1,10,R,-22,Run,Rush,-2,Twins,--,L,L,--,--,--,--,--,3
82,D,2,12,M,-20,Run,Rush,4,DOUBLES,--,BAL,L,--,--,--,--,--,3
83,D,3,8,M,-24,Pass,"Complete, TD",76,DOUBLES,--,BAL,L,--,--,--,--,--,3
84,K,--,--,M,3,Extra Pt. Block,Good,--,--,--,--,--,--,--,--,--,--,3
85,K,--,--,M,-40,KO Rec,Return,--,--,--,--,--,--,--,--,--,--,3
86,O,1,10,L,-36,Pass,Incomplete,0,--,--,--,L,--,--,--,--,--,3
87,O,2,10,L,-36,Run,Rush,0,Twins,--,R,L,--,--,--,--,--,3
88,O,3,10,L,-36,Pass,Complete,6,DOUBLES,--,BAL,R,--,--,--,--,--,3
89,O,4,4,M,-42,Pass,Incomplete,0,Trips,--,R,R,--,--,--,--,--,3
90,D,1,10,M,42,Run,Rush,5,Twins,--,R,R,--,--,--,--,--,3
91,D,2,5,R,37,Run,Rush,11,DOUBLES,--,BAL,R,--,--,--,--,--,3
92,D,1,10,R,26,Pass,"Complete, TD",26,DOUBLES,--,BAL,L,--,--,--,--,--,3
93,K,--,--,M,3,Extra Pt. Block,No Good,--,--,--,--,--,--,--,--,--,--,3
94,K,--,--,M,-40,KO Rec,Return,--,--,--,--,--,--,--,--,--,--,3
95,O,1,10,R,22,Run,Rush,7,Trips,--,L,R,--,--,--,--,--,3
96,S,--,--,--,--,--,--,--,--,--,--,--,--,--,--,--,--,3
97,O,2,3,M,15,Run,Rush,-2,Twins,--,R,L,--,--,--,--,--,4
98,O,3,5,M,17,Pass,Complete,13,TE Trips Split,--,R,R,--,--,--,--,--,4
99,O,1,4,R,4,Run,Rush,2,Twins,--,R,L,--,--,--,--,--,4
100,O,2,2,R,2,Run,Rush,0,Twins,--,R,R,--,--,--,--,--,4
101,O,3,2,M,2,Run,Rush,1,Twins Tight Wing,--,L,L,--,--,--,--,--,4
102,O,4,1,L,1,Run,"Rush, TD",1,Wing Split,--,L,L,--,--,--,--,--,4
103,K,--,--,M,3,2 Pt.,No Good,--,--,--,--,L,--,--,--,--,--,4
104,K,--,--,M,-40,KO,Out of Bounds,--,--,--,--,--,--,--,--,--,--,4
105,D,1,10,R,-49,Run,Rush,-2,Trips Tight,--,R,L,--,--,--,--,--,4
106,D,2,12,M,-47,Pass,Incomplete,0,Trips Tight,--,R,R,--,--,--,--,--,4
107,D,3,12,M,-47,Run,Fumble,0,Wing Split,--,L,L,--,--,--,--,--,4
108,O,1,10,R,-47,Pass,Incomplete,0,Twins,--,R,L,--,--,--,--,--,4
109,O,2,10,R,-47,Run,Rush,1,Twins,--,R,L,--,--,--,--,--,4
110,O,3,9,M,-48,Pass,Complete,3,Trips,--,L,L,--,--,--,--,--,4
111,O,4,6,L,49,Pass,Sack,-4,DOUBLES,--,BAL,L,--,--,--,--,--,4
112,D,1,10,R,45,Run,Rush,1,Twins,--,R,R,--,--,--,--,--,4
113,D,2,9,R,44,Run,Rush,-5,Twins,--,R,L,--,--,--,--,--,4
114,D,3,14,R,49,Pass,Sack,-6,DOUBLES,--,BAL,R,--,--,--,--,--,4
115,K,4,20,R,-45,Punt Rec,Downed,--,--,--,--,--,--,--,--,--,--,4
116,O,1,10,M,-43,Pass,Incomplete,0,DOUBLES,--,BAL,L,--,--,--,--,--,4
117,O,2,10,M,-43,Run,Rush,5,Trips,--,L,L,--,--,--,--,--,4
