PLAY #,ODK,DN,DIST,HASH,YARD LN,PLAY TYPE,RESULT,GN/LS,OFF FORM,OFF PLAY,OFF STR,PLAY DIR,GAP,PASS ZONE,DEF FRONT,COVERAGE,BLITZ,QTR
1,K,--,--,M,-40,KO Rec,Return,--,--,--,--,--,--,--,--,--,--,1
2,O,1,10,R,-40,Run,Rush,2,Trips,--,L,L,--,--,--,--,--,1
3,O,2,8,M,-42,Run,Rush,9,Ace Twins,--,L,R,--,--,--,--,--,1
4,O,1,10,R,49,Run,Rush,14,Twins,--,L,R,--,--,--,--,--,1
5,O,1,10,R,35,Run,Rush,2,Twins,--,L,R,--,--,--,--,--,1
6,O,2,8,R,33,Run,Rush,-1,Twins Split,--,L,R,--,--,--,--,--,1
7,O,3,9,R,34,Run,Rush,-1,Doubles Wing,--,R,L,--,--,--,--,--,1
8,O,4,10,M,35,Pass,Incomplete,0,DOUBLES,--,BAL,R,--,--,--,--,--,1
9,D,1,10,M,-35,Run,Rush,-3,Twins Split,--,L,L,--,--,--,--,--,1
10,D,2,13,L,-32,Run,Rush,1,Wing Split,--,R,R,--,--,--,--,--,1
11,D,3,12,M,-33,Pass,Incomplete,0,Wing Split,--,R,L,--,--,--,--,--,1
12,K,4,12,M,-33,Punt Rec,Downed,--,--,--,--,--,--,--,--,--,--,1
13,O,1,10,M,40,Run,Rush,2,Ace Twins,--,L,R,--,--,--,--,--,1
14,O,2,8,R,38,Run,Rush,2,Ace Twins,--,R,L,--,--,--,--,--,1
15,O,3,6,R,36,Pass,Complete,8,DOUBLES PINCH,--,BAL,R,--,--,--,--,--,1
16,O,1,10,R,28,Pass,Complete,0,Trips Pinch,--,L,L,--,--,--,--,--,1
17,O,2,10,M,28,Run,Rush,5,Twins,--,L,R,--,--,--,--,--,1
18,O,3,5,R,23,Run,Rush,3,Ace Twins,--,L,R,--,--,--,--,--,1
19,O,4,2,R,20,Run,Rush,1,Twins,--,R,L,--,--,--,--,--,1
20,D,1,10,M,-19,Run,Rush,17,Wing Split,--,R,L,--,--,--,--,--,1
21,D,1,10,M,-36,Run,Rush,2,Wing Split,--,R,R,--,--,--,--,--,1
22,D,2,8,R,-38,Run,Rush,1,Wing Split,--,R,L,--,--,--,--,--,1
23,D,3,7,M,-39,Run,Rush,0,Wing Split,--,L,L,--,--,--,--,--,1
24,K,4,7,L,-39,Fake Punt,Rush,--,--,--,--,L,--,--,--,--,--,1
25,O,1,10,R,24,Run,Rush,5,Twins,--,L,R,--,--,--,--,--,1
26,O,2,5,R,19,Run,Rush,5,Twins Split,--,R,L,--,--,--,--,--,1
27,O,1,10,M,14,Run,Rush,0,Trips,--,L,L,--,--,--,--,--,2
28,O,2,10,M,14,Run,Rush,2,Ace Twins,--,R,L,--,--,--,--,--,2
29,O,3,8,M,12,Run,Rush,1,Trips,--,R,L,--,--,--,--,--,2
30,O,4,7,M,11,Run,Rush,-3,TE Trips Split,--,R,L,--,--,--,--,--,2
31,D,1,10,R,-14,Run,Rush,1,Twins Split,--,R,R,--,--,--,--,--,2
32,D,2,9,R,-15,Run,Rush,3,Wing Split,--,L,L,--,--,--,--,--,2
33,D,3,6,M,-18,Run,Rush,2,Wing Split,--,L,R,--,--,--,--,--,2
34,K,4,4,R,-20,Punt Rec,Return,--,--,--,--,--,--,--,--,--,--,2
35,O,1,10,L,-40,Run,Rush,15,Doubles Wing,--,L,R,--,--,--,--,--,2
36,O,1,10,R,45,Run,Rush,1,Twins,--,R,L,--,--,--,--,--,2
37,O,2,9,R,44,Run,Rush,34,Twins,--,R,L,--,--,--,--,--,2
38,O,1,10,R,10,Run,Rush,8,DOUBLES,--,BAL,R,--,--,--,--,--,2
39,O,2,2,R,2,Run,Penalty,-12,DOUBLES,--,BAL,L,--,--,--,--,--,2
40,O,2,14,L,14,Pass,Incomplete,0,DOUBLES,--,BAL,L,--,--,--,--,--,2
41,O,3,14,L,14,Pass,Incomplete,0,TE Trips Split,--,R,R,--,--,--,--,--,2
42,O,4,14,L,14,Run,Rush,13,DOUBLES,--,BAL,R,--,--,--,--,--,2
43,D,1,10,L,-1,Run,Rush,2,Wing Split,--,L,L,--,--,--,--,--,2
44,D,2,8,L,-3,--,Penalty,3,Twins Split,--,R,--,--,--,--,--,--,2
45,D,2,5,L,-6,Run,Rush,4,Wing Split,--,L,L,--,--,--,--,--,2
46,D,3,1,L,-10,Run,Rush,-1,Twins,--,R,R,--,--,--,--,--,2
47,K,4,2,R,-9,Punt Rec,Return,--,--,--,--,--,--,--,--,--,--,2
48,O,1,10,L,40,--,Timeout,0,--,--,--,--,--,--,--,--,--,2
49,O,1,10,L,40,Run,Rush,7,Trips Pinch,--,L,R,--,--,--,--,--,2
50,O,2,3,R,33,Run,Rush,1,Wing Split,--,L,L,--,--,--,--,--,2
51,O,3,2,M,32,Run,Rush,15,Twins,--,L,R,--,--,--,--,--,2
52,O,1,10,M,17,Run,Rush,5,DOUBLES,--,BAL,L,--,--,--,--,--,2
53,O,2,5,L,12,Run,Rush,2,Twins,--,L,R,--,--,--,--,--,2
54,O,3,3,M,10,Run,Rush,-2,Wing Split,--,R,L,--,--,--,--,--,2
55,K,4,5,L,12,FG,Timeout,0,--,--,--,--,--,--,--,--,--,2
56,K,4,5,L,12,FG,Good,--,--,--,--,--,--,--,--,--,--,2
57,K,--,--,M,-40,KO,Return,--,--,--,--,--,--,--,--,--,--,3
58,D,1,10,R,40,Run,Rush,-1,Wing Split,--,R,R,--,--,--,--,--,3
59,D,2,11,R,41,Run,Rush,-3,DOUBLES,--,BAL,R,--,--,--,--,--,3
60,D,3,14,R,44,Pass,Incomplete,0,Wing Split,--,L,L,--,--,--,--,--,3
61,K,4,14,R,44,Punt Rec,Fumble,--,--,--,--,--,--,--,--,--,--,3
62,D,1,10,R,4,Run,Rush,3,Twins,--,R,L,--,--,--,--,--,3
63,D,2,7,R,1,Run,"Rush, TD",1,--,--,--,L,--,--,--,--,--,3
64,K,--,--,M,3,Extra Pt. Block,Good,--,--,--,--,--,--,--,--,--,--,3
65,K,--,--,M,-40,KO Rec,Penalty,-5,--,--,--,--,--,--,--,--,--,3
66,K,--,--,M,-35,KO Rec,Return,--,--,--,--,--,--,--,--,--,--,3
67,O,1,10,L,-38,Run,Rush,-2,Twins,--,L,R,--,--,--,--,--,3
68,O,2,12,M,-36,Run,Rush,3,Trips,--,R,L,--,--,--,--,--,3
69,O,3,9,L,-39,Run,Rush,5,TE Trips Split,--,L,R,--,--,--,--,--,3
70,K,4,4,R,-44,Punt,Downed,--,--,--,--,--,--,--,--,--,--,3
71,D,1,10,R,-24,Run,Rush,13,DOUBLES,--,BAL,R,--,--,--,--,--,3
72,D,1,10,R,-37,Run,Rush,2,DOUBLES,--,BAL,L,--,--,--,--,--,3
73,D,2,8,M,-39,Run,Rush,3,Trips,--,R,L,--,--,--,--,--,3
74,D,3,5,L,-42,Run,Rush,-2,Wing Split,--,L,L,--,--,--,--,--,3
75,K,4,7,L,-40,Punt Rec,Downed,--,--,--,--,--,--,--,--,--,--,3
76,O,1,10,L,-40,Run,Rush,1,Ace Twins,--,L,L,--,--,--,--,--,3
77,O,2,9,L,-41,Run,Rush,-1,Ace Twins,--,L,L,--,--,--,--,--,3
78,O,3,10,L,-40,Pass,Complete,25,Trips,--,R,L,--,--,--,--,--,3
79,O,1,10,L,35,Run,Fumble,-2,DOUBLES,--,BAL,R,--,--,--,--,--,3
80,D,1,10,R,-37,Run,Rush,2,DOUBLES,--,BAL,R,--,--,--,--,--,3
81,D,2,8,R,-39,Pass,Incomplete,0,DOUBLES,--,BAL,L,--,--,--,--,--,3
82,D,3,8,R,-39,Pass,Complete,13,DOUBLES,--,BAL,R,--,--,--,--,--,3
83,D,1,10,R,48,Run,Rush,1,DOUBLES,--,BAL,L,--,--,--,--,--,3
84,D,2,9,M,47,Run,Rush,3,Twins Split,--,R,L,--,--,--,--,--,3
85,D,3,6,M,44,Run,Rush,7,Twins Split,--,R,R,--,--,--,--,--,3
86,D,1,10,M,37,Run,Rush,0,Twins Split,--,R,L,--,--,--,--,--,3
87,D,2,10,L,37,--,Timeout,0,--,--,--,--,--,--,--,--,--,3
88,D,2,10,L,37,Run,Rush,3,Wing Split,--,L,L,--,--,--,--,--,4
89,D,3,7,L,34,Pass,Complete,6,DOUBLES,--,BAL,R,--,--,--,--,--,4
90,D,4,1,R,28,Run,Rush,2,Nasty Wing,--,L,L,--,--,--,--,--,4
91,D,1,10,R,26,Run,Rush,3,DOUBLES,--,BAL,L,--,--,--,--,--,4
92,D,2,7,M,23,Run,Rush,2,Twins Split,--,L,R,--,--,--,--,--,4
93,D,3,5,R,21,Run,Rush,2,Twins Split,--,L,R,--,--,--,--,--,4
94,D,4,3,R,19,Run,Rush,6,Twins Split,--,L,L,--,--,--,--,--,4
95,D,1,10,M,13,Run,Rush,5,Twins Split,--,R,R,--,--,--,--,--,4
96,D,2,5,R,8,Run,Rush,3,Twins Split,--,L,L,--,--,--,--,--,4
97,D,3,2,M,5,Run,"Rush, TD",5,Twins Split,--,L,R,--,--,--,--,--,4
98,K,--,--,M,3,Extra Pt. Block,Good,--,--,--,--,--,--,--,--,--,--,4
99,K,--,--,M,-40,KO Rec,Return,--,--,--,--,--,--,--,--,--,--,4
100,O,1,10,R,-41,Run,Rush,32,Twins Split,--,R,R,--,--,--,--,--,4
101,O,1,10,R,27,Run,Rush,4,Ace Twins,--,R,L,--,--,--,--,--,4
102,O,2,6,M,23,Run,Rush,-1,Ace Twins,--,L,R,--,--,--,--,--,4
103,O,3,7,R,24,Pass,Incomplete,0,DOUBLES,--,BAL,R,--,--,--,--,--,4
104,O,4,7,R,24,Pass,Incomplete,0,TE Trips Split,--,L,L,--,--,--,--,--,4
105,D,1,10,L,-24,Run,Rush,2,Twins Split,--,L,L,--,--,--,--,--,4
106,D,2,8,L,-26,Run,Penalty,-12,Twins Split,--,R,R,--,--,--,--,--,4
107,D,2,20,M,-14,--,Timeout,0,--,--,--,--,--,--,--,--,--,4
108,D,2,20,M,-14,Run,Rush,1,Twins Split,--,L,R,--,--,--,--,--,4
109,D,3,19,M,-15,Run,Rush,9,Twins Split,--,L,L,--,--,--,--,--,4
110,K,4,10,L,-24,Punt Rec,Downed,--,--,--,--,--,--,--,--,--,--,4
111,O,1,10,R,47,Pass,Interception,--,Trips Pinch,--,L,R,--,--,--,--,--,4
112,D,1,10,L,-15,Run,Rush,0,Wing Split,--,L,L,--,--,--,--,--,4
113,D,2,10,L,-15,Run,Rush,1,--,--,--,L,--,--,--,--,--,4
114,D,3,9,L,-16,--,Timeout,0,--,--,--,--,--,--,--,--,--,4
115,D,3,9,L,-16,Run,Rush,0,Twins Split,--,R,R,--,--,--,--,--,4
116,K,4,9,R,-16,Punt Rec,Return,--,--,--,--,--,--,--,--,--,--,4
117,O,1,10,R,29,Pass,Complete,7,Trips Pinch,--,L,L,--,--,--,--,--,4
