PLAY #,ODK,DN,DIST,HASH,YARD LN,PLAY TYPE,RESULT,GN/LS,OFF FORM,OFF PLAY,OFF STR,PLAY DIR,GAP,PASS ZONE,DEF FRONT,COVERAGE,BLITZ,QTR
1,K,--,--,M,-40,KO,Return,--,--,--,--,--,--,--,--,--,--,1
2,D,1,10,L,-34,Run,Rush,13,Nasty Twins,--,R,R,--,--,--,--,--,1
3,D,1,10,L,-47,Run,Rush,11,Nasty Twins,--,R,R,--,--,--,--,--,1
4,D,1,10,M,42,Run,Rush,16,Nasty Twins,--,R,R,--,--,--,--,--,1
5,D,1,10,M,26,Run,Rush,0,Nasty Twins,--,R,L,--,--,--,--,--,1
6,D,2,10,M,26,Run,Rush,15,Nasty Twins,--,L,R,--,--,--,--,--,1
7,D,1,10,M,11,Run,Rush,-3,Nasty Twins,--,L,L,--,--,--,--,--,1
8,D,2,13,L,14,Run,"Rush, TD",14,Nasty Twins,--,R,L,--,--,--,--,--,1
9,K,--,--,M,3,Extra Pt. Block,Good,--,--,--,--,--,--,--,--,--,--,1
10,K,--,--,M,-40,KO Rec,Return,--,--,--,--,--,--,--,--,--,--,1
11,O,1,10,M,-15,Run,Rush,0,DOUBLES,--,BAL,R,--,--,--,--,--,1
12,O,2,10,M,-15,Run,Rush,-1,Twins,--,R,L,--,--,--,--,--,1
13,O,3,11,M,-14,Run,Rush,-11,LIZ,--,R,L,--,--,--,--,--,1
14,K,4,22,M,-3,Punt,Safety,--,--,--,--,--,--,--,--,--,--,1
15,K,--,--,M,-20,KO,Return,--,--,--,--,--,--,--,--,--,--,1
16,D,1,10,R,46,Pass,"Complete, TD",46,Nasty Twins,--,L,L,--,--,--,--,--,1
17,K,--,--,M,3,Extra Pt. Block,No Good,--,--,--,--,--,--,--,--,--,--,1
18,K,--,--,M,-40,KO Rec,Return,--,--,--,--,--,--,--,--,--,--,1
19,O,1,10,L,-24,Run,Rush,-4,DOUBLES,--,BAL,R,--,--,--,--,--,1
20,O,2,14,R,-20,Run,Rush,-7,DOUBLES,--,BAL,L,--,--,--,--,--,1
21,O,3,21,M,-13,Pass,Complete,1,DOUBLES,--,BAL,L,--,--,--,--,--,1
22,K,4,20,L,-14,Punt,Downed,--,--,--,--,--,--,--,--,--,--,1
23,D,1,10,R,44,Run,Rush,6,Nasty Twins,--,L,L,--,--,--,--,--,1
24,D,2,4,L,38,Run,Rush,8,Nasty Twins,--,R,L,--,--,--,--,--,1
25,D,1,10,L,30,Run,Rush,1,Nasty Twins,--,R,R,--,--,--,--,--,1
26,D,2,9,L,29,Pass,Incomplete,0,Nasty Twins,--,R,R,--,--,--,--,--,1
27,D,3,9,L,29,Pass,Complete,10,Trips,--,R,R,--,--,--,--,--,1
28,D,1,10,M,19,Run,Rush,7,DOUBLES,--,BAL,R,--,--,--,--,--,1
29,D,2,3,R,12,Run,Rush,-4,Twins Split,--,L,L,--,--,--,--,--,1
30,D,3,7,M,16,Pass,"Complete, TD",16,Twins Split,--,R,R,--,--,--,--,--,1
31,K,--,--,M,3,Extra Pt. Block,Good,--,--,--,--,--,--,--,--,--,--,1
32,K,--,--,M,-40,KO Rec,Return,--,--,--,--,--,--,--,--,--,--,1
33,O,1,10,L,-27,Run,Rush,5,DOUBLES,--,BAL,R,--,--,--,--,--,1
34,O,2,5,R,-32,Run,Rush,4,DOUBLES,--,BAL,R,--,--,--,--,--,2
35,O,3,1,R,-36,Run,Rush,18,DOUBLES,--,BAL,R,--,--,--,--,--,2
36,O,1,10,R,46,Run,Rush,5,DOUBLES,--,BAL,R,--,--,--,--,--,2
37,O,2,5,R,41,Run,Rush,2,Twins Split,--,R,R,--,--,--,--,--,2
38,O,3,3,R,39,Run,Rush,-5,DOUBLES,--,BAL,L,--,--,--,--,--,2
39,K,4,8,L,44,Punt,Fair Catch,--,--,--,--,--,--,--,--,--,--,2
40,D,1,10,R,-9,Pass,Incomplete,0,Nasty Twins,--,L,L,--,--,--,--,--,2
41,D,2,10,R,-9,Run,Rush,66,Nasty Twins,--,L,L,--,--,--,--,--,2
42,D,1,10,L,25,Pass,"Complete, TD",25,Nasty Twins,--,R,R,--,--,--,--,--,2
43,K,--,--,M,3,Extra Pt. Block,Good,--,--,--,--,--,--,--,--,--,--,2
44,K,--,--,M,-40,KO Rec,Return,--,--,--,--,--,--,--,--,--,--,2
45,O,1,10,R,-31,Run,Rush,0,Trips,--,L,R,--,--,--,--,--,2
46,O,2,10,R,-31,Pass,Complete,11,DOUBLES,--,BAL,L,--,--,--,--,--,2
47,O,1,10,L,-42,--,Timeout,0,--,--,--,--,--,--,--,--,--,2
48,O,1,10,L,-42,Run,Rush,0,Twins,--,L,R,--,--,--,--,--,2
49,O,2,10,R,-42,Run,Rush,3,DOUBLES,--,BAL,R,--,--,--,--,--,2
50,O,3,7,R,-45,Pass,Incomplete,0,DOUBLES,--,BAL,L,--,--,--,--,--,2
51,K,4,7,R,-45,Punt,Downed,--,--,--,--,--,--,--,--,--,--,2
52,D,1,10,L,-21,Run,Rush,1,Nasty Twins,--,R,R,--,--,--,--,--,2
53,D,2,9,M,-22,--,Penalty,-5,Nasty Twins,--,L,--,--,--,--,--,--,2
54,D,2,14,M,-17,Run,Rush,8,Nasty Twins,--,L,L,--,--,--,--,--,2
55,D,3,6,M,-25,--,Timeout,0,--,--,--,--,--,--,--,--,--,2
56,D,3,6,M,-25,Pass,Complete,7,DOUBLES,--,BAL,R,--,--,--,--,--,2
57,D,1,10,R,-32,Pass,Complete,-2,Nasty Twins,--,L,L,--,--,--,--,--,2
58,D,2,12,L,-30,Pass,Incomplete,0,Nasty Twins,--,R,R,--,--,--,--,--,2
59,D,3,12,L,-30,Pass,"Complete, TD",70,Trips,--,R,L,--,--,--,--,--,2
60,K,--,--,M,3,Extra Pt. Block,Good,--,--,--,--,--,--,--,--,--,--,2
61,K,--,--,M,-40,KO Rec,Touchback,--,--,--,--,--,--,--,--,--,--,2
62,O,1,10,L,-20,Run,Fumble,0,Trips,--,L,R,--,--,--,--,--,2
63,D,1,10,M,20,Run,"Rush, TD",20,Nasty Twins,--,R,L,--,--,--,--,--,2
64,K,--,--,M,3,Extra Pt. Block,Good,--,--,--,--,--,--,--,--,--,--,2
65,K,--,--,M,-40,KO Rec,Return,--,--,--,--,--,--,--,--,--,--,2
66,O,1,10,R,-49,Pass,Complete,4,DOUBLES,--,BAL,R,--,--,--,--,--,2
67,O,2,6,R,47,Pass,Scramble,10,DOUBLES,--,BAL,R,--,--,--,--,--,2
68,O,1,10,R,37,Pass,Complete,29,DOUBLES,--,BAL,R,--,--,--,--,--,2
69,O,1,8,R,8,Pass,Incomplete,0,DOUBLES,--,BAL,L,--,--,--,--,--,2
70,O,2,8,R,8,Pass,"Complete, TD",8,DOUBLES,--,BAL,R,--,--,--,--,--,2
71,K,--,--,M,3,Extra Pt.,Good,--,--,--,--,--,--,--,--,--,--,2
72,K,--,--,M,-40,KO,Return,--,--,--,--,--,--,--,--,--,--,2
73,D,1,10,L,-34,Run,Rush,3,Nasty Twins,--,R,R,--,--,--,--,--,2
74,D,2,7,L,-37,Run,Rush,--,--,--,--,R,--,--,--,--,--,2
75,K,--,--,M,-40,KO Rec,Return,--,--,--,--,--,--,--,--,--,--,3
76,O,1,10,M,-21,Run,Rush,-3,DOUBLES,--,BAL,R,--,--,--,--,--,3
77,O,2,13,R,-18,Pass,Incomplete,0,--,--,--,L,--,--,--,--,--,3
78,O,3,13,R,-18,Pass,Incomplete,0,DOUBLES,--,BAL,R,--,--,--,--,--,3
79,K,4,13,R,-18,Punt,Return,--,--,--,--,--,--,--,--,--,--,3
80,D,1,10,L,-47,Run,Rush,1,Nasty Twins,--,R,L,--,--,--,--,--,3
81,D,2,9,L,-48,Run,Rush,9,Nasty Twins,--,R,L,--,--,--,--,--,3
82,D,1,10,L,43,Run,Fumble,0,Nasty Twins,--,R,R,--,--,--,--,--,3
83,O,1,10,R,-40,Run,Rush,-1,DOUBLES,--,BAL,R,--,--,--,--,--,3
84,O,2,11,R,-39,Run,Rush,2,DOUBLES,--,BAL,R,--,--,--,--,--,3
85,O,3,9,R,-41,Pass,Scramble,5,TE Trips Split,--,L,R,--,--,--,--,--,3
86,O,4,4,R,-46,Pass,Incomplete,0,DOUBLES,--,BAL,R,--,--,--,--,--,3
87,D,1,10,L,46,Run,Rush,22,Nasty Twins,--,R,R,--,--,--,--,--,3
88,D,1,10,R,24,Run,Rush,21,PRO,--,L,L,--,--,--,--,--,3
89,D,1,3,M,3,Run,"Rush, TD",3,PRO,--,R,R,--,--,--,--,--,3
90,K,--,--,M,3,Extra Pt. Block,No Good,--,--,--,--,--,--,--,--,--,--,3
91,K,--,--,M,-40,KO Rec,Return,--,--,--,--,--,--,--,--,--,--,3
92,O,1,10,R,-16,Run,Rush,1,Twins,--,L,R,--,--,--,--,--,3
93,O,2,9,R,-17,Pass,Scramble,1,DOUBLES,--,BAL,R,--,--,--,--,--,3
94,O,3,8,R,-18,Pass,Sack,-2,TE Trips Split,--,L,R,--,--,--,--,--,3
95,K,4,10,R,-16,Punt,Downed,--,--,--,--,--,--,--,--,--,--,3
96,D,1,10,L,47,Run,Rush,-1,Nasty Twins,--,R,L,--,--,--,--,--,3
97,D,2,11,L,48,Run,Rush,-2,--,--,--,L,--,--,--,--,--,3
98,D,3,13,L,50,Run,Rush,0,--,--,--,L,--,--,--,--,--,4
99,D,4,13,L,50,Pass,Incomplete,0,--,--,--,L,--,--,--,--,--,4
100,O,1,10,R,50,Run,Rush,2,Trips Pinch,--,L,L,--,--,--,--,--,4
101,O,2,8,L,48,--,Timeout,0,--,--,--,--,--,--,--,--,--,4
102,O,2,8,L,48,Pass,Incomplete,0,Trips,--,L,L,--,--,--,--,--,4
103,O,3,8,L,48,--,Penalty,5,DOUBLES,--,BAL,--,--,--,--,--,--,4
104,O,3,3,L,43,Pass,Incomplete,0,DOUBLES,--,BAL,L,--,--,--,--,--,4
105,K,4,3,L,43,Punt,Out of Bounds,--,--,--,--,--,--,--,--,--,--,4
106,D,1,10,R,-31,Run,Rush,-4,Twins Split,--,L,L,--,--,--,--,--,4
107,D,2,14,M,-27,Run,Rush,17,Twins Split,--,L,R,--,--,--,--,--,4
108,D,1,10,R,-44,Run,Rush,-5,DOUBLES,--,BAL,L,--,--,--,--,--,4
109,D,2,15,M,-39,Run,Rush,8,Twins Split,--,L,L,--,--,--,--,--,4
110,D,3,7,L,-47,Run,Rush,-3,Twins Split,--,R,R,--,--,--,--,--,4
111,D,4,10,L,-44,Run,Rush,0,Twins Split,--,L,L,--,--,--,--,--,4
112,O,1,10,R,44,Run,Rush,7,DOUBLES,--,BAL,L,--,--,--,--,--,4
113,O,2,3,L,37,Run,Rush,0,DOUBLES,--,BAL,R,--,--,--,--,--,4
114,O,3,3,L,37,Pass,Incomplete,0,Ace Twins,--,R,L,--,--,--,--,--,4
115,O,4,7,L,37,Pass,Penalty,5,Ace Twins,--,R,L,--,--,--,--,--,4
116,O,1,10,L,32,Pass,Incomplete,0,Twins,--,R,L,--,--,--,--,--,4
117,O,2,10,L,32,Pass,Complete,0,DOUBLES,--,BAL,L,--,--,--,--,--,4
